9
38
0	1	144
0	2	187
0	3	740
0	6	1391
0	7	1090
0	8	184
1	0	144
1	3	849
2	0	187
2	3	867
2	4	2704
2	7	1258
3	0	740
3	1	849
3	2	867
3	4	1846
3	6	802
3	8	621
4	2	2704
4	3	1846
4	6	1464
4	5	337
5	4	337
5	6	1235
5	7	2342
6	0	1391
6	3	802
6	4	1464
6	5	1235
6	7	1121
7	5	2342
7	6	1121
7	8	946
7	0	1090
7	2	1258
8	0	184
8	3	621
8	7	946
